19920101,19920316
19920316,19920531
19920531,19920814
19920814,19921029
19921029,19930112
19930112,19930329
19930329,19930613
19930613,19930827
19930827,19931110
19931110,19940124
19940124,19940409
19940409,19940623
19940623,19940906
19940906,19941121
19941121,19950204
19950204,19950419
19950419,19950703
19950703,19950916
19950916,19951130
19951130,19960214
19960214,19960429
19960429,19960713
19960713,19960926
19960926,19961210
19961210,19970223
19970223,19970509
19970509,19970723
19970723,19971006
19971006,19971220
19971220,19980305
19980305,19980519
19980519,19980802