19920101,19920113
19920113,19920125
19920125,19920206
19920206,19920218
19920218,19920301
19920301,19920313
19920313,19920325
19920325,19920406
19920406,19920418
19920418,19920430
19920430,19920512
19920512,19920524
19920524,19920605
19920605,19920617
19920617,19920629
19920629,19920711
19920711,19920723
19920723,19920804
19920804,19920816
19920816,19920828
19920828,19920909
19920909,19920921
19920921,19921003
19921003,19921015
19921015,19921027
19921027,19921108
19921108,19921120
19921120,19921202
19921202,19921214
19921214,19921226
19921226,19930108
19930108,19930120
19930120,19930201
19930201,19930213
19930213,19930225
19930225,19930309
19930309,19930321
19930321,19930402
19930402,19930414
19930414,19930426
19930426,19930508
19930508,19930520
19930520,19930601
19930601,19930613
19930613,19930625
19930625,19930707
19930707,19930719
19930719,19930731
19930731,19930812
19930812,19930824
19930824,19930905
19930905,19930917
19930917,19930929
19930929,19931011
19931011,19931023
19931023,19931104
19931104,19931116
19931116,19931128
19931128,19931210
19931210,19931222
19931222,19940103
19940103,19940115
19940115,19940128
19940128,19940209
19940209,19940221
19940221,19940305
19940305,19940317
19940317,19940329
19940329,19940410
19940410,19940422
19940422,19940504
19940504,19940516
19940516,19940528
19940528,19940609
19940609,19940621
19940621,19940703
19940703,19940715
19940715,19940727
19940727,19940808
19940808,19940820
19940820,19940901
19940901,19940913
19940913,19940925
19940925,19941007
19941007,19941019
19941019,19941031
19941031,19941112
19941112,19941124
19941124,19941206
19941206,19941218
19941218,19941230
19941230,19950111
19950111,19950123
19950123,19950204
19950204,19950216
19950216,19950228
19950228,19950312
19950312,19950325
19950325,19950406
19950406,19950418
19950418,19950430
19950430,19950512
19950512,19950524
19950524,19950605
19950605,19950617
19950617,19950629
19950629,19950711
19950711,19950723
19950723,19950804
19950804,19950816
19950816,19950828
19950828,19950909
19950909,19950921
19950921,19951003
19951003,19951015
19951015,19951027
19951027,19951108
19951108,19951120
19951120,19951202
19951202,19951214
19951214,19951226
19951226,19960107
19960107,19960119
19960119,19960131
19960131,19960212
19960212,19960224
19960224,19960307
19960307,19960319
19960319,19960331
19960331,19960412
19960412,19960424
19960424,19960506
19960506,19960519
19960519,19960531
19960531,19960612
19960612,19960624
19960624,19960706
19960706,19960718
19960718,19960730
19960730,19960811
19960811,19960823
19960823,19960904
19960904,19960916
19960916,19960928
19960928,19961010
19961010,19961022
19961022,19961103
19961103,19961115
19961115,19961127
19961127,19961209
19961209,19961221
19961221,19970102
19970102,19970114
19970114,19970126
19970126,19970207
19970207,19970219
19970219,19970303
19970303,19970315
19970315,19970327
19970327,19970408
19970408,19970420
19970420,19970502
19970502,19970514
19970514,19970526
19970526,19970607
19970607,19970619
19970619,19970701
19970701,19970713
19970713,19970726
19970726,19970807
19970807,19970819
19970819,19970831
19970831,19970912
19970912,19970924
19970924,19971006
19971006,19971018
19971018,19971030
19971030,19971111
19971111,19971123
19971123,19971205
19971205,19971217
19971217,19971229
19971229,19980110
19980110,19980122
19980122,19980203
19980203,19980215
19980215,19980227
19980227,19980311
19980311,19980323
19980323,19980404
19980404,19980416
19980416,19980428
19980428,19980510
19980510,19980522
19980522,19980603
19980603,19980615
19980615,19980627
19980627,19980709
19980709,19980721
19980721,19980802