19920101,19920316
19920316,19920530
19920530,19920813
19920813,19921027
19921027,19930111
19930111,19930327
19930327,19930610
19930610,19930824
19930824,19931107
19931107,19940122
19940122,19940407
19940407,19940621
19940621,19940904
19940904,19941118
19941118,19950201
19950201,19950418
19950418,19950702
19950702,19950915
19950915,19951129
19951129,19960212
19960212,19960428
19960428,19960712
19960712,19960925
19960925,19961209
19961209,19970222
19970222,19970508
19970508,19970723
19970723,19971006
19971006,19971220
19971220,19980305
19980305,19980519
19980519,19980802
