19920101,19920101
19920101,19920102
19920102,19920102
19920102,19920103
19920103,19920104
19920104,19920104
19920104,19920105
19920105,19920105
19920105,19920106
19920106,19920107
19920107,19920107
19920107,19920108
19920108,19920108
19920108,19920109
19920109,19920110
19920110,19920110
19920110,19920111
19920111,19920111
19920111,19920112
19920112,19920113
19920113,19920113
19920113,19920114
19920114,19920114
19920114,19920115
19920115,19920116
19920116,19920116
19920116,19920117
19920117,19920117
19920117,19920118
19920118,19920119
19920119,19920119
19920119,19920120
19920120,19920120
19920120,19920121
19920121,19920122
19920122,19920122
19920122,19920123
19920123,19920123
19920123,19920124
19920124,19920125
19920125,19920125
19920125,19920126
19920126,19920126
19920126,19920127
19920127,19920128
19920128,19920128
19920128,19920129
19920129,19920129
19920129,19920130
19920130,19920131
19920131,19920131
19920131,19920201
19920201,19920201
19920201,19920202
19920202,19920203
19920203,19920203
19920203,19920204
19920204,19920204
19920204,19920205
19920205,19920206
19920206,19920206
19920206,19920207
19920207,19920207
19920207,19920208
19920208,19920209
19920209,19920209
19920209,19920210
19920210,19920210
19920210,19920211
19920211,19920212
19920212,19920212
19920212,19920213
19920213,19920213
19920213,19920214
19920214,19920215
19920215,19920215
19920215,19920216
19920216,19920216
19920216,19920217
19920217,19920218
19920218,19920218
19920218,19920219
19920219,19920219
19920219,19920220
19920220,19920221
19920221,19920221
19920221,19920222
19920222,19920222
19920222,19920223
19920223,19920224
19920224,19920224
19920224,19920225
19920225,19920225
19920225,19920226
19920226,19920227
19920227,19920227
19920227,19920228
19920228,19920228
19920228,19920229
19920229,19920301
19920301,19920301
19920301,19920302
19920302,19920302
19920302,19920303
19920303,19920304
19920304,19920304
19920304,19920305
19920305,19920305
19920305,19920306
19920306,19920307
19920307,19920307
19920307,19920308
19920308,19920308
19920308,19920309
19920309,19920310
19920310,19920310
19920310,19920311
19920311,19920311
19920311,19920312
19920312,19920313
19920313,19920313
19920313,19920314
19920314,19920314
19920314,19920315
19920315,19920316
19920316,19920316
19920316,19920317
19920317,19920317
19920317,19920318
19920318,19920319
19920319,19920319
19920319,19920320
19920320,19920321
19920321,19920321
19920321,19920322
19920322,19920322
19920322,19920323
19920323,19920324
19920324,19920324
19920324,19920325
19920325,19920325
19920325,19920326
19920326,19920327
19920327,19920327
19920327,19920328
19920328,19920328
19920328,19920329
19920329,19920330
19920330,19920330
19920330,19920331
19920331,19920331
19920331,19920401
19920401,19920402
19920402,19920402
19920402,19920403
19920403,19920403
19920403,19920404
19920404,19920405
19920405,19920405
19920405,19920406
19920406,19920406
19920406,19920407
19920407,19920408
19920408,19920408
19920408,19920409
19920409,19920409
19920409,19920410
19920410,19920411
19920411,19920411
19920411,19920412
19920412,19920412
19920412,19920413
19920413,19920414
19920414,19920414
19920414,19920415
19920415,19920415
19920415,19920416
19920416,19920417
19920417,19920417
19920417,19920418
19920418,19920418
19920418,19920419
19920419,19920420
19920420,19920420
19920420,19920421
19920421,19920421
19920421,19920422
19920422,19920423
19920423,19920423
19920423,19920424
19920424,19920424
19920424,19920425
19920425,19920426
19920426,19920426
19920426,19920427
19920427,19920427
19920427,19920428
19920428,19920429
19920429,19920429
19920429,19920430
19920430,19920430
19920430,19920501
19920501,19920502
19920502,19920502
19920502,19920503
19920503,19920503
19920503,19920504
19920504,19920505
19920505,19920505
19920505,19920506
19920506,19920506
19920506,19920507
19920507,19920508
19920508,19920508
19920508,19920509
19920509,19920509
19920509,19920510
19920510,19920511
19920511,19920511
19920511,19920512
19920512,19920512
19920512,19920513
19920513,19920514
19920514,19920514
19920514,19920515
19920515,19920515
19920515,19920516
19920516,19920517
19920517,19920517
19920517,19920518
19920518,19920518
19920518,19920519
19920519,19920520
19920520,19920520
19920520,19920521
19920521,19920521
19920521,19920522
19920522,19920523
19920523,19920523
19920523,19920524
19920524,19920524
19920524,19920525
19920525,19920526
19920526,19920526
19920526,19920527
19920527,19920527
19920527,19920528
19920528,19920529
19920529,19920529
19920529,19920530
19920530,19920531
19920531,19920531
19920531,19920601
19920601,19920601
19920601,19920602
19920602,19920603
19920603,19920603
19920603,19920604
19920604,19920604
19920604,19920605
19920605,19920606
19920606,19920606
19920606,19920607
19920607,19920607
19920607,19920608
19920608,19920609
19920609,19920609
19920609,19920610
19920610,19920610
19920610,19920611
19920611,19920612
19920612,19920612
19920612,19920613
19920613,19920613
19920613,19920614
19920614,19920615
19920615,19920615
19920615,19920616
19920616,19920616
19920616,19920617
19920617,19920618
19920618,19920618
19920618,19920619
19920619,19920619
19920619,19920620
19920620,19920621
19920621,19920621
19920621,19920622
19920622,19920622
19920622,19920623
19920623,19920624
19920624,19920624
19920624,19920625
19920625,19920625
19920625,19920626
19920626,19920627
19920627,19920627
19920627,19920628
19920628,19920628
19920628,19920629
19920629,19920630
19920630,19920630
19920630,19920701
19920701,19920701
19920701,19920702
19920702,19920703
19920703,19920703
19920703,19920704
19920704,19920704
19920704,19920705
19920705,19920706
19920706,19920706
19920706,19920707
19920707,19920707
19920707,19920708
19920708,19920709
19920709,19920709
19920709,19920710
19920710,19920710
19920710,19920711
19920711,19920712
19920712,19920712
19920712,19920713
19920713,19920713
19920713,19920714
19920714,19920715
19920715,19920715
19920715,19920716
19920716,19920716
19920716,19920717
19920717,19920718
19920718,19920718
19920718,19920719
19920719,19920719
19920719,19920720
19920720,19920721
19920721,19920721
19920721,19920722
19920722,19920722
19920722,19920723
19920723,19920724
19920724,19920724
19920724,19920725
19920725,19920725
19920725,19920726
19920726,19920727
19920727,19920727
19920727,19920728
19920728,19920728
19920728,19920729
19920729,19920730
19920730,19920730
19920730,19920731
19920731,19920731
19920731,19920801
19920801,19920802
19920802,19920802
19920802,19920803
19920803,19920803
19920803,19920804
19920804,19920805
19920805,19920805
19920805,19920806
19920806,19920806
19920806,19920807
19920807,19920808
19920808,19920808
19920808,19920809
19920809,19920809
19920809,19920810
19920810,19920811
19920811,19920811
19920811,19920812
19920812,19920813
19920813,19920813
19920813,19920814
19920814,19920814
19920814,19920815
19920815,19920816
19920816,19920816
19920816,19920817
19920817,19920817
19920817,19920818
19920818,19920819
19920819,19920819
19920819,19920820
19920820,19920820
19920820,19920821
19920821,19920822
19920822,19920822
19920822,19920823
19920823,19920823
19920823,19920824
19920824,19920825
19920825,19920825
19920825,19920826
19920826,19920826
19920826,19920827
19920827,19920828
19920828,19920828
19920828,19920829
19920829,19920829
19920829,19920830
19920830,19920831
19920831,19920831
19920831,19920901
19920901,19920901
19920901,19920902
19920902,19920903
19920903,19920903
19920903,19920904
19920904,19920904
19920904,19920905
19920905,19920906
19920906,19920906
19920906,19920907
19920907,19920907
19920907,19920908
19920908,19920909
19920909,19920909
19920909,19920910
19920910,19920910
19920910,19920911
19920911,19920912
19920912,19920912
19920912,19920913
19920913,19920913
19920913,19920914
19920914,19920915
19920915,19920915
19920915,19920916
19920916,19920916
19920916,19920917
19920917,19920918
19920918,19920918
19920918,19920919
19920919,19920919
19920919,19920920
19920920,19920921
19920921,19920921
19920921,19920922
19920922,19920922
19920922,19920923
19920923,19920924
19920924,19920924
19920924,19920925
19920925,19920925
19920925,19920926
19920926,19920927
19920927,19920927
19920927,19920928
19920928,19920928
19920928,19920929
19920929,19920930
19920930,19920930
19920930,19921001
19921001,19921001
19921001,19921002
19921002,19921003
19921003,19921003
19921003,19921004
19921004,19921004
19921004,19921005
19921005,19921006
19921006,19921006
19921006,19921007
19921007,19921007
19921007,19921008
19921008,19921009
19921009,19921009
19921009,19921010
19921010,19921010
19921010,19921011
19921011,19921012
19921012,19921012
19921012,19921013
19921013,19921013
19921013,19921014
19921014,19921015
19921015,19921015
19921015,19921016
19921016,19921016
19921016,19921017
19921017,19921018
19921018,19921018
19921018,19921019
19921019,19921019
19921019,19921020
19921020,19921021
19921021,19921021
19921021,19921022
19921022,19921023
19921023,19921023
19921023,19921024
19921024,19921024
19921024,19921025
19921025,19921026
19921026,19921026
19921026,19921027
19921027,19921027
19921027,19921028
19921028,19921029
19921029,19921029
19921029,19921030
19921030,19921030
19921030,19921031
19921031,19921101
19921101,19921101
19921101,19921102
19921102,19921102
19921102,19921103
19921103,19921104
19921104,19921104
19921104,19921105
19921105,19921105
19921105,19921106
19921106,19921107
19921107,19921107
19921107,19921108
19921108,19921108
19921108,19921109
19921109,19921110
19921110,19921110
19921110,19921111
19921111,19921111
19921111,19921112
19921112,19921113
19921113,19921113
19921113,19921114
19921114,19921114
19921114,19921115
19921115,19921116
19921116,19921116
19921116,19921117
19921117,19921117
19921117,19921118
19921118,19921119
19921119,19921119
19921119,19921120
19921120,19921120
19921120,19921121
19921121,19921122
19921122,19921122
19921122,19921123
19921123,19921123
19921123,19921124
19921124,19921125
19921125,19921125
19921125,19921126
19921126,19921126
19921126,19921127
19921127,19921128
19921128,19921128
19921128,19921129
19921129,19921129
19921129,19921130
19921130,19921201
19921201,19921201
19921201,19921202
19921202,19921202
19921202,19921203
19921203,19921204
19921204,19921204
19921204,19921205
19921205,19921205
19921205,19921206
19921206,19921207
19921207,19921207
19921207,19921208
19921208,19921208
19921208,19921209
19921209,19921210
19921210,19921210
19921210,19921211
19921211,19921211
19921211,19921212
19921212,19921213
19921213,19921213
19921213,19921214
19921214,19921214
19921214,19921215
19921215,19921216
19921216,19921216
19921216,19921217
19921217,19921217
19921217,19921218
19921218,19921219
19921219,19921219
19921219,19921220
19921220,19921220
19921220,19921221
19921221,19921222
19921222,19921222
19921222,19921223
19921223,19921223
19921223,19921224
19921224,19921225
19921225,19921225
19921225,19921226
19921226,19921226
19921226,19921227
19921227,19921228
19921228,19921228
19921228,19921229
19921229,19921230
19921230,19921230
19921230,19921231
19921231,19921231
19921231,19930101
19930101,19930102
19930102,19930102
19930102,19930103
19930103,19930103
19930103,19930104
19930104,19930105
19930105,19930105
19930105,19930106
19930106,19930106
19930106,19930107
19930107,19930108
19930108,19930108
19930108,19930109
19930109,19930109
19930109,19930110
19930110,19930111
19930111,19930111
19930111,19930112
19930112,19930112
19930112,19930113
19930113,19930114
19930114,19930114
19930114,19930115
19930115,19930115
19930115,19930116
19930116,19930117
19930117,19930117
19930117,19930118
19930118,19930118
19930118,19930119
19930119,19930120
19930120,19930120
19930120,19930121
19930121,19930121
19930121,19930122
19930122,19930123
19930123,19930123
19930123,19930124
19930124,19930124
19930124,19930125
19930125,19930126
19930126,19930126
19930126,19930127
19930127,19930127
19930127,19930128
19930128,19930129
19930129,19930129
19930129,19930130
19930130,19930130
19930130,19930131
19930131,19930201
19930201,19930201
19930201,19930202
19930202,19930202
19930202,19930203
19930203,19930204
19930204,19930204
19930204,19930205
19930205,19930205
19930205,19930206
19930206,19930207
19930207,19930207
19930207,19930208
19930208,19930208
19930208,19930209
19930209,19930210
19930210,19930210
19930210,19930211
19930211,19930211
19930211,19930212
19930212,19930213
19930213,19930213
19930213,19930214
19930214,19930214
19930214,19930215
19930215,19930216
19930216,19930216
19930216,19930217
19930217,19930217
19930217,19930218
19930218,19930219
19930219,19930219
19930219,19930220
19930220,19930220
19930220,19930221
19930221,19930222
19930222,19930222
19930222,19930223
19930223,19930223
19930223,19930224
19930224,19930225
19930225,19930225
19930225,19930226
19930226,19930226
19930226,19930227
19930227,19930228
19930228,19930228
19930228,19930301
19930301,19930301
19930301,19930302
19930302,19930303
19930303,19930303
19930303,19930304
19930304,19930304
19930304,19930305
19930305,19930306
19930306,19930306
19930306,19930307
19930307,19930307
19930307,19930308
19930308,19930309
19930309,19930309
19930309,19930310
19930310,19930310
19930310,19930311
19930311,19930312
19930312,19930312
19930312,19930313
19930313,19930313
19930313,19930314
19930314,19930315
19930315,19930315
19930315,19930316
19930316,19930316
19930316,19930317
19930317,19930318
19930318,19930318
19930318,19930319
19930319,19930319
19930319,19930320
19930320,19930321
19930321,19930321
19930321,19930322
19930322,19930322
19930322,19930323
19930323,19930324
19930324,19930324
19930324,19930325
19930325,19930325
19930325,19930326
19930326,19930327
19930327,19930327
19930327,19930328
19930328,19930328
19930328,19930329
19930329,19930330
19930330,19930330
19930330,19930331
19930331,19930331
19930331,19930401
19930401,19930402
19930402,19930402
19930402,19930403
19930403,19930403
19930403,19930404
19930404,19930405
19930405,19930405
19930405,19930406
19930406,19930406
19930406,19930407
19930407,19930408
19930408,19930408
19930408,19930409
19930409,19930409
19930409,19930410
19930410,19930411
19930411,19930411
19930411,19930412
19930412,19930413
19930413,19930413
19930413,19930414
19930414,19930414
19930414,19930415
19930415,19930415
19930415,19930416
19930416,19930417
19930417,19930417
19930417,19930418
19930418,19930419
19930419,19930419
19930419,19930420
19930420,19930420
19930420,19930421
19930421,19930422
19930422,19930422
19930422,19930423
19930423,19930423
19930423,19930424
19930424,19930425
19930425,19930425
19930425,19930426
19930426,19930426
19930426,19930427
19930427,19930428
19930428,19930428
19930428,19930429
19930429,19930429
19930429,19930430
19930430,19930501
19930501,19930501
19930501,19930502
19930502,19930502
19930502,19930503
19930503,19930504
19930504,19930504
19930504,19930505
19930505,19930505
19930505,19930506
19930506,19930507
19930507,19930507
19930507,19930508
19930508,19930508
19930508,19930509
19930509,19930510
19930510,19930510
19930510,19930511
19930511,19930511
19930511,19930512
19930512,19930513
19930513,19930513
19930513,19930514
19930514,19930514
19930514,19930515
19930515,19930516
19930516,19930516
19930516,19930517
19930517,19930517
19930517,19930518
19930518,19930519
19930519,19930519
19930519,19930520
19930520,19930520
19930520,19930521
19930521,19930522
19930522,19930522
19930522,19930523
19930523,19930523
19930523,19930524
19930524,19930525
19930525,19930525
19930525,19930526
19930526,19930526
19930526,19930527
19930527,19930528
19930528,19930528
19930528,19930529
19930529,19930529
19930529,19930530
19930530,19930531
19930531,19930531
19930531,19930601
19930601,19930601
19930601,19930602
19930602,19930603
19930603,19930603
19930603,19930604
19930604,19930604
19930604,19930605
19930605,19930606
19930606,19930606
19930606,19930607
19930607,19930607
19930607,19930608
19930608,19930609
19930609,19930609
19930609,19930610
19930610,19930610
19930610,19930611
19930611,19930612
19930612,19930612
19930612,19930613
19930613,19930613
19930613,19930614
19930614,19930615
19930615,19930615
19930615,19930616
19930616,19930616
19930616,19930617
19930617,19930618
19930618,19930618
19930618,19930619
19930619,19930619
19930619,19930620
19930620,19930621
19930621,19930621
19930621,19930622
19930622,19930622
19930622,19930623
19930623,19930624
19930624,19930624
19930624,19930625
19930625,19930625
19930625,19930626
19930626,19930627
19930627,19930627
19930627,19930628
19930628,19930628
19930628,19930629
19930629,19930630
19930630,19930630
19930630,19930701
19930701,19930701
19930701,19930702
19930702,19930703
19930703,19930703
19930703,19930704
19930704,19930705
19930705,19930705
19930705,19930706
19930706,19930706
19930706,19930707
19930707,19930708
19930708,19930708
19930708,19930709
19930709,19930709
19930709,19930710
19930710,19930711
19930711,19930711
19930711,19930712
19930712,19930712
19930712,19930713
19930713,19930714
19930714,19930714
19930714,19930715
19930715,19930715
19930715,19930716
19930716,19930717
19930717,19930717
19930717,19930718
19930718,19930718
19930718,19930719
19930719,19930720
19930720,19930720
19930720,19930721
19930721,19930721
19930721,19930722
19930722,19930723
19930723,19930723
19930723,19930724
19930724,19930724
19930724,19930725
19930725,19930726
19930726,19930726
19930726,19930727
19930727,19930727
19930727,19930728
19930728,19930729
19930729,19930729
19930729,19930730
19930730,19930730
19930730,19930731
19930731,19930801
19930801,19930801
19930801,19930802
19930802,19930802
19930802,19930803
19930803,19930804
19930804,19930804
19930804,19930805
19930805,19930805
19930805,19930806
19930806,19930807
19930807,19930807
19930807,19930808
19930808,19930808
19930808,19930809
19930809,19930810
19930810,19930810
19930810,19930811
19930811,19930811
19930811,19930812
19930812,19930813
19930813,19930813
19930813,19930814
19930814,19930814
19930814,19930815
19930815,19930816
19930816,19930816
19930816,19930817
19930817,19930817
19930817,19930818
19930818,19930819
19930819,19930819
19930819,19930820
19930820,19930820
19930820,19930821
19930821,19930822
19930822,19930822
19930822,19930823
19930823,19930823
19930823,19930824
19930824,19930825
19930825,19930825
19930825,19930826
19930826,19930826
19930826,19930827
19930827,19930828
19930828,19930828
19930828,19930829
19930829,19930829
19930829,19930830
19930830,19930831
19930831,19930831
19930831,19930901
19930901,19930901
19930901,19930902
19930902,19930903
19930903,19930903
19930903,19930904
19930904,19930904
19930904,19930905
19930905,19930906
19930906,19930906
19930906,19930907
19930907,19930907
19930907,19930908
19930908,19930909
19930909,19930909
19930909,19930910
19930910,19930910
19930910,19930911
19930911,19930912
19930912,19930912
19930912,19930913
19930913,19930913
19930913,19930914
19930914,19930915
19930915,19930915
19930915,19930916
19930916,19930916
19930916,19930917
19930917,19930918
19930918,19930918
19930918,19930919
19930919,19930919
19930919,19930920
19930920,19930921
19930921,19930921
19930921,19930922
19930922,19930923
19930923,19930923
19930923,19930924
19930924,19930924
19930924,19930925
19930925,19930926
19930926,19930926
19930926,19930927
19930927,19930927
19930927,19930928
19930928,19930929
19930929,19930929
19930929,19930930
19930930,19930930
19930930,19931001
19931001,19931002
19931002,19931002
19931002,19931003
19931003,19931003
19931003,19931004
19931004,19931005
19931005,19931005
19931005,19931006
19931006,19931006
19931006,19931007
19931007,19931008
19931008,19931008
19931008,19931009
19931009,19931009
19931009,19931010
19931010,19931011
19931011,19931011
19931011,19931012
19931012,19931012
19931012,19931013
19931013,19931014
19931014,19931014
19931014,19931015
19931015,19931015
19931015,19931016
19931016,19931017
19931017,19931017
19931017,19931018
19931018,19931018
19931018,19931019
19931019,19931020
19931020,19931020
19931020,19931021
19931021,19931021
19931021,19931022
19931022,19931023
19931023,19931023
19931023,19931024
19931024,19931024
19931024,19931025
19931025,19931026
19931026,19931026
19931026,19931027
19931027,19931027
19931027,19931028
19931028,19931029
19931029,19931029
19931029,19931030
19931030,19931030
19931030,19931031
19931031,19931101
19931101,19931101
19931101,19931102
19931102,19931102
19931102,19931103
19931103,19931104
19931104,19931104
19931104,19931105
19931105,19931105
19931105,19931106
19931106,19931107
19931107,19931107
19931107,19931108
19931108,19931108
19931108,19931109
19931109,19931110
19931110,19931110
19931110,19931111
19931111,19931111
19931111,19931112
19931112,19931113
19931113,19931113
19931113,19931114
19931114,19931115
19931115,19931115
19931115,19931116
19931116,19931116
19931116,19931117
19931117,19931118
19931118,19931118
19931118,19931119
19931119,19931119
19931119,19931120
19931120,19931121
19931121,19931121
19931121,19931122
19931122,19931122
19931122,19931123
19931123,19931124
19931124,19931124
19931124,19931125
19931125,19931125
19931125,19931126
19931126,19931127
19931127,19931127
19931127,19931128
19931128,19931128
19931128,19931129
19931129,19931130
19931130,19931130
19931130,19931201
19931201,19931201
19931201,19931202
19931202,19931203
19931203,19931203
19931203,19931204
19931204,19931204
19931204,19931205
19931205,19931206
19931206,19931206
19931206,19931207
19931207,19931207
19931207,19931208
19931208,19931209
19931209,19931209
19931209,19931210
19931210,19931210
19931210,19931211
19931211,19931212
19931212,19931212
19931212,19931213
19931213,19931213
19931213,19931214
19931214,19931215
19931215,19931215
19931215,19931216
19931216,19931216
19931216,19931217
19931217,19931218
19931218,19931218
19931218,19931219
19931219,19931219
19931219,19931220
19931220,19931221
19931221,19931221
19931221,19931222
19931222,19931222
19931222,19931223
19931223,19931224
19931224,19931224
19931224,19931225
19931225,19931225
19931225,19931226
19931226,19931227
19931227,19931227
19931227,19931228
19931228,19931228
19931228,19931229
19931229,19931230
19931230,19931230
19931230,19931231
19931231,19931231
19931231,19940101
19940101,19940102
19940102,19940102
19940102,19940103
19940103,19940103
19940103,19940104
19940104,19940105
19940105,19940105
19940105,19940106
19940106,19940106
19940106,19940107
19940107,19940108
19940108,19940108
19940108,19940109
19940109,19940109
19940109,19940110
19940110,19940111
19940111,19940111
19940111,19940112
19940112,19940112
19940112,19940113
19940113,19940114
19940114,19940114
19940114,19940115
19940115,19940115
19940115,19940116
19940116,19940117
19940117,19940117
19940117,19940118
19940118,19940118
19940118,19940119
19940119,19940120
19940120,19940120
19940120,19940121
19940121,19940122
19940122,19940122
19940122,19940123
19940123,19940123
19940123,19940124
19940124,19940125
19940125,19940125
19940125,19940126
19940126,19940126
19940126,19940127
19940127,19940128
19940128,19940128
19940128,19940129
19940129,19940129
19940129,19940130
19940130,19940131
19940131,19940131
19940131,19940201
19940201,19940201
19940201,19940202
19940202,19940203
19940203,19940203
19940203,19940204
19940204,19940204
19940204,19940205
19940205,19940206
19940206,19940206
19940206,19940207
19940207,19940207
19940207,19940208
19940208,19940209
19940209,19940209
19940209,19940210
19940210,19940210
19940210,19940211
19940211,19940212
19940212,19940212
19940212,19940213
19940213,19940213
19940213,19940214
19940214,19940215
19940215,19940215
19940215,19940216
19940216,19940216
19940216,19940217
19940217,19940218
19940218,19940218
19940218,19940219
19940219,19940219
19940219,19940220
19940220,19940221
19940221,19940221
19940221,19940222
19940222,19940222
19940222,19940223
19940223,19940224
19940224,19940224
19940224,19940225
19940225,19940225
19940225,19940226
19940226,19940227
19940227,19940227
19940227,19940228
19940228,19940228
19940228,19940301
19940301,19940302
19940302,19940302
19940302,19940303
19940303,19940303
19940303,19940304
19940304,19940305
19940305,19940305
19940305,19940306
19940306,19940306
19940306,19940307
19940307,19940308
19940308,19940308
19940308,19940309
19940309,19940309
19940309,19940310
19940310,19940311
19940311,19940311
19940311,19940312
19940312,19940312
19940312,19940313
19940313,19940314
19940314,19940314
19940314,19940315
19940315,19940315
19940315,19940316
19940316,19940317
19940317,19940317
19940317,19940318
19940318,19940318
19940318,19940319
19940319,19940320
19940320,19940320
19940320,19940321
19940321,19940321
19940321,19940322
19940322,19940323
19940323,19940323
19940323,19940324
19940324,19940324
19940324,19940325
19940325,19940326
19940326,19940326
19940326,19940327
19940327,19940327
19940327,19940328
19940328,19940329
19940329,19940329
19940329,19940330
19940330,19940330
19940330,19940331
19940331,19940401
19940401,19940401
19940401,19940402
19940402,19940402
19940402,19940403
19940403,19940404
19940404,19940404
19940404,19940405
19940405,19940406
19940406,19940406
19940406,19940407
19940407,19940407
19940407,19940408
19940408,19940409
19940409,19940409
19940409,19940410
19940410,19940410
19940410,19940411
19940411,19940412
19940412,19940412
19940412,19940413
19940413,19940413
19940413,19940414
19940414,19940415
19940415,19940415
19940415,19940416
19940416,19940416
19940416,19940417
19940417,19940418
19940418,19940418
19940418,19940419
19940419,19940419
19940419,19940420
19940420,19940421
19940421,19940421
19940421,19940422
19940422,19940422
19940422,19940423
19940423,19940424
19940424,19940424
19940424,19940425
19940425,19940425
19940425,19940426
19940426,19940427
19940427,19940427
19940427,19940428
19940428,19940428
19940428,19940429
19940429,19940430
19940430,19940430
19940430,19940501
19940501,19940501
19940501,19940502
19940502,19940503
19940503,19940503
19940503,19940504
19940504,19940504
19940504,19940505
19940505,19940506
19940506,19940506
19940506,19940507
19940507,19940507
19940507,19940508
19940508,19940509
19940509,19940509
19940509,19940510
19940510,19940510
19940510,19940511
19940511,19940512
19940512,19940512
19940512,19940513
19940513,19940513
19940513,19940514
19940514,19940515
19940515,19940515
19940515,19940516
19940516,19940516
19940516,19940517
19940517,19940518
19940518,19940518
19940518,19940519
19940519,19940519
19940519,19940520
19940520,19940521
19940521,19940521
19940521,19940522
19940522,19940522
19940522,19940523
19940523,19940524
19940524,19940524
19940524,19940525
19940525,19940525
19940525,19940526
19940526,19940527
19940527,19940527
19940527,19940528
19940528,19940528
19940528,19940529
19940529,19940530
19940530,19940530
19940530,19940531
19940531,19940531
19940531,19940601
19940601,19940602
19940602,19940602
19940602,19940603
19940603,19940603
19940603,19940604
19940604,19940605
19940605,19940605
19940605,19940606
19940606,19940606
19940606,19940607
19940607,19940608
19940608,19940608
19940608,19940609
19940609,19940609
19940609,19940610
19940610,19940611
19940611,19940611
19940611,19940612
19940612,19940612
19940612,19940613
19940613,19940614
19940614,19940614
19940614,19940615
19940615,19940615
19940615,19940616
19940616,19940617
19940617,19940617
19940617,19940618
19940618,19940618
19940618,19940619
19940619,19940620
19940620,19940620
19940620,19940621
19940621,19940621
19940621,19940622
19940622,19940623
19940623,19940623
19940623,19940624
19940624,19940624
19940624,19940625
19940625,19940626
19940626,19940626
19940626,19940627
19940627,19940627
19940627,19940628
19940628,19940629
19940629,19940629
19940629,19940630
19940630,19940630
19940630,19940701
19940701,19940702
19940702,19940702
19940702,19940703
19940703,19940703
19940703,19940704
19940704,19940705
19940705,19940705
19940705,19940706
19940706,19940706
19940706,19940707
19940707,19940708
19940708,19940708
19940708,19940709
19940709,19940709
19940709,19940710
19940710,19940711
19940711,19940711
19940711,19940712
19940712,19940712
19940712,19940713
19940713,19940714
19940714,19940714
19940714,19940715
19940715,19940715
19940715,19940716
19940716,19940717
19940717,19940717
19940717,19940718
19940718,19940718
19940718,19940719
19940719,19940720
19940720,19940720
19940720,19940721
19940721,19940721
19940721,19940722
19940722,19940723
19940723,19940723
19940723,19940724
19940724,19940724
19940724,19940725
19940725,19940726
19940726,19940726
19940726,19940727
19940727,19940728
19940728,19940728
19940728,19940729
19940729,19940729
19940729,19940730
19940730,19940731
19940731,19940731
19940731,19940801
19940801,19940801
19940801,19940802
19940802,19940803
19940803,19940803
19940803,19940804
19940804,19940804
19940804,19940805
19940805,19940806
19940806,19940806
19940806,19940807
19940807,19940807
19940807,19940808
19940808,19940809
19940809,19940809
19940809,19940810
19940810,19940810
19940810,19940811
19940811,19940812
19940812,19940812
19940812,19940813
19940813,19940813
19940813,19940814
19940814,19940815
19940815,19940815
19940815,19940816
19940816,19940816
19940816,19940817
19940817,19940818
19940818,19940818
19940818,19940819
19940819,19940819
19940819,19940820
19940820,19940821
19940821,19940821
19940821,19940822
19940822,19940822
19940822,19940823
19940823,19940824
19940824,19940824
19940824,19940825
19940825,19940825
19940825,19940826
19940826,19940827
19940827,19940827
19940827,19940828
19940828,19940828
19940828,19940829
19940829,19940830
19940830,19940830
19940830,19940831
19940831,19940831
19940831,19940901
19940901,19940902
19940902,19940902
19940902,19940903
19940903,19940903
19940903,19940904
19940904,19940905
19940905,19940905
19940905,19940906
19940906,19940906
19940906,19940907
19940907,19940908
19940908,19940908
19940908,19940909
19940909,19940909
19940909,19940910
19940910,19940911
19940911,19940911
19940911,19940912
19940912,19940912
19940912,19940913
19940913,19940914
19940914,19940914
19940914,19940915
19940915,19940915
19940915,19940916
19940916,19940917
19940917,19940917
19940917,19940918
19940918,19940918
19940918,19940919
19940919,19940920
19940920,19940920
19940920,19940921
19940921,19940921
19940921,19940922
19940922,19940923
19940923,19940923
19940923,19940924
19940924,19940924
19940924,19940925
19940925,19940926
19940926,19940926
19940926,19940927
19940927,19940927
19940927,19940928
19940928,19940929
19940929,19940929
19940929,19940930
19940930,19940930
19940930,19941001
19941001,19941002
19941002,19941002
19941002,19941003
19941003,19941003
19941003,19941004
19941004,19941005
19941005,19941005
19941005,19941006
19941006,19941006
19941006,19941007
19941007,19941008
19941008,19941008
19941008,19941009
19941009,19941009
19941009,19941010
19941010,19941011
19941011,19941011
19941011,19941012
19941012,19941013
19941013,19941013
19941013,19941014
19941014,19941014
19941014,19941015
19941015,19941016
19941016,19941016
19941016,19941017
19941017,19941017
19941017,19941018
19941018,19941019
19941019,19941019
19941019,19941020
19941020,19941020
19941020,19941021
19941021,19941022
19941022,19941022
19941022,19941023
19941023,19941023
19941023,19941024
19941024,19941025
19941025,19941025
19941025,19941026
19941026,19941026
19941026,19941027
19941027,19941028
19941028,19941028
19941028,19941029
19941029,19941029
19941029,19941030
19941030,19941031
19941031,19941031
19941031,19941101
19941101,19941101
19941101,19941102
19941102,19941103
19941103,19941103
19941103,19941104
19941104,19941104
19941104,19941105
19941105,19941106
19941106,19941106
19941106,19941107
19941107,19941107
19941107,19941108
19941108,19941109
19941109,19941109
19941109,19941110
19941110,19941110
19941110,19941111
19941111,19941112
19941112,19941112
19941112,19941113
19941113,19941113
19941113,19941114
19941114,19941115
19941115,19941115
19941115,19941116
19941116,19941116
19941116,19941117
19941117,19941118
19941118,19941118
19941118,19941119
19941119,19941119
19941119,19941120
19941120,19941121
19941121,19941121
19941121,19941122
19941122,19941122
19941122,19941123
19941123,19941124
19941124,19941124
19941124,19941125
19941125,19941125
19941125,19941126
19941126,19941127
19941127,19941127
19941127,19941128
19941128,19941128
19941128,19941129
19941129,19941130
19941130,19941130
19941130,19941201
19941201,19941201
19941201,19941202
19941202,19941203
19941203,19941203
19941203,19941204
19941204,19941204
19941204,19941205
19941205,19941206
19941206,19941206
19941206,19941207
19941207,19941207
19941207,19941208
19941208,19941209
19941209,19941209
19941209,19941210
19941210,19941210
19941210,19941211
19941211,19941212
19941212,19941212
19941212,19941213
19941213,19941213
19941213,19941214
19941214,19941215
19941215,19941215
19941215,19941216
19941216,19941216
19941216,19941217
19941217,19941218
19941218,19941218
19941218,19941219
19941219,19941219
19941219,19941220
19941220,19941221
19941221,19941221
19941221,19941222
19941222,19941222
19941222,19941223
19941223,19941224
19941224,19941224
19941224,19941225
19941225,19941225
19941225,19941226
19941226,19941227
19941227,19941227
19941227,19941228
19941228,19941228
19941228,19941229
19941229,19941230
19941230,19941230
19941230,19941231
19941231,19941231
19941231,19950101
19950101,19950102
19950102,19950102
19950102,19950103
19950103,19950104
19950104,19950104
19950104,19950105
19950105,19950105
19950105,19950106
19950106,19950107
19950107,19950107
19950107,19950108
19950108,19950108
19950108,19950109
19950109,19950110
19950110,19950110
19950110,19950111
19950111,19950111
19950111,19950112
19950112,19950113
19950113,19950113
19950113,19950114
19950114,19950114
19950114,19950115
19950115,19950116
19950116,19950116
19950116,19950117
19950117,19950117
19950117,19950118
19950118,19950119
19950119,19950119
19950119,19950120
19950120,19950120
19950120,19950121
19950121,19950122
19950122,19950122
19950122,19950123
19950123,19950123
19950123,19950124
19950124,19950125
19950125,19950125
19950125,19950126
19950126,19950126
19950126,19950127
19950127,19950128
19950128,19950128
19950128,19950129
19950129,19950129
19950129,19950130
19950130,19950131
19950131,19950131
19950131,19950201
19950201,19950201
19950201,19950202
19950202,19950203
19950203,19950203
19950203,19950204
19950204,19950204
19950204,19950205
19950205,19950206
19950206,19950206
19950206,19950207
19950207,19950207
19950207,19950208
19950208,19950209
19950209,19950209
19950209,19950210
19950210,19950210
19950210,19950211
19950211,19950212
19950212,19950212
19950212,19950213
19950213,19950213
19950213,19950214
19950214,19950215
19950215,19950215
19950215,19950216
19950216,19950216
19950216,19950217
19950217,19950218
19950218,19950218
19950218,19950219
19950219,19950219
19950219,19950220
19950220,19950221
19950221,19950221
19950221,19950222
19950222,19950222
19950222,19950223
19950223,19950224
19950224,19950224
19950224,19950225
19950225,19950225
19950225,19950226
19950226,19950227
19950227,19950227
19950227,19950228
19950228,19950228
19950228,19950301
19950301,19950302
19950302,19950302
19950302,19950303
19950303,19950303
19950303,19950304
19950304,19950305
19950305,19950305
19950305,19950306
19950306,19950306
19950306,19950307
19950307,19950308
19950308,19950308
19950308,19950309
19950309,19950309
19950309,19950310
19950310,19950311
19950311,19950311
19950311,19950312
19950312,19950312
19950312,19950313
19950313,19950314
19950314,19950314
19950314,19950315
19950315,19950315
19950315,19950316
19950316,19950317
19950317,19950317
19950317,19950318
19950318,19950318
19950318,19950319
19950319,19950320
19950320,19950320
19950320,19950321
19950321,19950321
19950321,19950322
19950322,19950323
19950323,19950323
19950323,19950324
19950324,19950325
19950325,19950325
19950325,19950326
19950326,19950326
19950326,19950327
19950327,19950328
19950328,19950328
19950328,19950329
19950329,19950329
19950329,19950330
19950330,19950331
19950331,19950331
19950331,19950401
19950401,19950401
19950401,19950402
19950402,19950403
19950403,19950403
19950403,19950404
19950404,19950404
19950404,19950405
19950405,19950406
19950406,19950406
19950406,19950407
19950407,19950407
19950407,19950408
19950408,19950409
19950409,19950409
19950409,19950410
19950410,19950410
19950410,19950411
19950411,19950412
19950412,19950412
19950412,19950413
19950413,19950413
19950413,19950414
19950414,19950415
19950415,19950415
19950415,19950416
19950416,19950416
19950416,19950417
19950417,19950418
19950418,19950418
19950418,19950419
19950419,19950419
19950419,19950420
19950420,19950421
19950421,19950421
19950421,19950422
19950422,19950422
19950422,19950423
19950423,19950424
19950424,19950424
19950424,19950425
19950425,19950425
19950425,19950426
19950426,19950427
19950427,19950427
19950427,19950428
19950428,19950428
19950428,19950429
19950429,19950430
19950430,19950430
19950430,19950501
19950501,19950501
19950501,19950502
19950502,19950503
19950503,19950503
19950503,19950504
19950504,19950504
19950504,19950505
19950505,19950506
19950506,19950506
19950506,19950507
19950507,19950507
19950507,19950508
19950508,19950509
19950509,19950509
19950509,19950510
19950510,19950510
19950510,19950511
19950511,19950512
19950512,19950512
19950512,19950513
19950513,19950513
19950513,19950514
19950514,19950515
19950515,19950515
19950515,19950516
19950516,19950516
19950516,19950517
19950517,19950518
19950518,19950518
19950518,19950519
19950519,19950519
19950519,19950520
19950520,19950521
19950521,19950521
19950521,19950522
19950522,19950522
19950522,19950523
19950523,19950524
19950524,19950524
19950524,19950525
19950525,19950525
19950525,19950526
19950526,19950527
19950527,19950527
19950527,19950528
19950528,19950528
19950528,19950529
19950529,19950530
19950530,19950530
19950530,19950531
19950531,19950531
19950531,19950601
19950601,19950602
19950602,19950602
19950602,19950603
19950603,19950603
19950603,19950604
19950604,19950605
19950605,19950605
19950605,19950606
19950606,19950607
19950607,19950607
19950607,19950608
19950608,19950608
19950608,19950609
19950609,19950610
19950610,19950610
19950610,19950611
19950611,19950611
19950611,19950612
19950612,19950613
19950613,19950613
19950613,19950614
19950614,19950614
19950614,19950615
19950615,19950616
19950616,19950616
19950616,19950617
19950617,19950617
19950617,19950618
19950618,19950619
19950619,19950619
19950619,19950620
19950620,19950620
19950620,19950621
19950621,19950622
19950622,19950622
19950622,19950623
19950623,19950623
19950623,19950624
19950624,19950625
19950625,19950625
19950625,19950626
19950626,19950626
19950626,19950627
19950627,19950628
19950628,19950628
19950628,19950629
19950629,19950629
19950629,19950630
19950630,19950701
19950701,19950701
19950701,19950702
19950702,19950702
19950702,19950703
19950703,19950704
19950704,19950704
19950704,19950705
19950705,19950705
19950705,19950706
19950706,19950707
19950707,19950707
19950707,19950708
19950708,19950708
19950708,19950709
19950709,19950710
19950710,19950710
19950710,19950711
19950711,19950711
19950711,19950712
19950712,19950713
19950713,19950713
19950713,19950714
19950714,19950714
19950714,19950715
19950715,19950716
19950716,19950716
19950716,19950717
19950717,19950717
19950717,19950718
19950718,19950719
19950719,19950719
19950719,19950720
19950720,19950720
19950720,19950721
19950721,19950722
19950722,19950722
19950722,19950723
19950723,19950723
19950723,19950724
19950724,19950725
19950725,19950725
19950725,19950726
19950726,19950726
19950726,19950727
19950727,19950728
19950728,19950728
19950728,19950729
19950729,19950729
19950729,19950730
19950730,19950731
19950731,19950731
19950731,19950801
19950801,19950801
19950801,19950802
19950802,19950803
19950803,19950803
19950803,19950804
19950804,19950804
19950804,19950805
19950805,19950806
19950806,19950806
19950806,19950807
19950807,19950807
19950807,19950808
19950808,19950809
19950809,19950809
19950809,19950810
19950810,19950810
19950810,19950811
19950811,19950812
19950812,19950812
19950812,19950813
19950813,19950813
19950813,19950814
19950814,19950815
19950815,19950815
19950815,19950816
19950816,19950816
19950816,19950817
19950817,19950818
19950818,19950818
19950818,19950819
19950819,19950819
19950819,19950820
19950820,19950821
19950821,19950821
19950821,19950822
19950822,19950822
19950822,19950823
19950823,19950824
19950824,19950824
19950824,19950825
19950825,19950825
19950825,19950826
19950826,19950827
19950827,19950827
19950827,19950828
19950828,19950828
19950828,19950829
19950829,19950830
19950830,19950830
19950830,19950831
19950831,19950831
19950831,19950901
19950901,19950902
19950902,19950902
19950902,19950903
19950903,19950903
19950903,19950904
19950904,19950905
19950905,19950905
19950905,19950906
19950906,19950906
19950906,19950907
19950907,19950908
19950908,19950908
19950908,19950909
19950909,19950910
19950910,19950910
19950910,19950911
19950911,19950911
19950911,19950912
19950912,19950913
19950913,19950913
19950913,19950914
19950914,19950914
19950914,19950915
19950915,19950916
19950916,19950916
19950916,19950917
19950917,19950917
19950917,19950918
19950918,19950919
19950919,19950919
19950919,19950920
19950920,19950920
19950920,19950921
19950921,19950922
19950922,19950922
19950922,19950923
19950923,19950923
19950923,19950924
19950924,19950925
19950925,19950925
19950925,19950926
19950926,19950926
19950926,19950927
19950927,19950928
19950928,19950928
19950928,19950929
19950929,19950929
19950929,19950930
19950930,19951001
19951001,19951001
19951001,19951002
19951002,19951002
19951002,19951003
19951003,19951004
19951004,19951004
19951004,19951005
19951005,19951005
19951005,19951006
19951006,19951007
19951007,19951007
19951007,19951008
19951008,19951008
19951008,19951009
19951009,19951010
19951010,19951010
19951010,19951011
19951011,19951011
19951011,19951012
19951012,19951013
19951013,19951013
19951013,19951014
19951014,19951014
19951014,19951015
19951015,19951016
19951016,19951016
19951016,19951017
19951017,19951017
19951017,19951018
19951018,19951019
19951019,19951019
19951019,19951020
19951020,19951020
19951020,19951021
19951021,19951022
19951022,19951022
19951022,19951023
19951023,19951023
19951023,19951024
19951024,19951025
19951025,19951025
19951025,19951026
19951026,19951026
19951026,19951027
19951027,19951028
19951028,19951028
19951028,19951029
19951029,19951029
19951029,19951030
19951030,19951031
19951031,19951031
19951031,19951101
19951101,19951101
19951101,19951102
19951102,19951103
19951103,19951103
19951103,19951104
19951104,19951104
19951104,19951105
19951105,19951106
19951106,19951106
19951106,19951107
19951107,19951107
19951107,19951108
19951108,19951109
19951109,19951109
19951109,19951110
19951110,19951110
19951110,19951111
19951111,19951112
19951112,19951112
19951112,19951113
19951113,19951113
19951113,19951114
19951114,19951115
19951115,19951115
19951115,19951116
19951116,19951116
19951116,19951117
19951117,19951118
19951118,19951118
19951118,19951119
19951119,19951119
19951119,19951120
19951120,19951121
19951121,19951121
19951121,19951122
19951122,19951122
19951122,19951123
19951123,19951124
19951124,19951124
19951124,19951125
19951125,19951125
19951125,19951126
19951126,19951127
19951127,19951127
19951127,19951128
19951128,19951129
19951129,19951129
19951129,19951130
19951130,19951130
19951130,19951201
19951201,19951202
19951202,19951202
19951202,19951203
19951203,19951203
19951203,19951204
19951204,19951205
19951205,19951205
19951205,19951206
19951206,19951206
19951206,19951207
19951207,19951208
19951208,19951208
19951208,19951209
19951209,19951209
19951209,19951210
19951210,19951211
19951211,19951211
19951211,19951212
19951212,19951212
19951212,19951213
19951213,19951214
19951214,19951214
19951214,19951215
19951215,19951215
19951215,19951216
19951216,19951217
19951217,19951217
19951217,19951218
19951218,19951218
19951218,19951219
19951219,19951220
19951220,19951220
19951220,19951221
19951221,19951221
19951221,19951222
19951222,19951223
19951223,19951223
19951223,19951224
19951224,19951224
19951224,19951225
19951225,19951226
19951226,19951226
19951226,19951227
19951227,19951227
19951227,19951228
19951228,19951229
19951229,19951229
19951229,19951230
19951230,19951230
19951230,19951231
19951231,19960101
19960101,19960101
19960101,19960102
19960102,19960102
19960102,19960103
19960103,19960104
19960104,19960104
19960104,19960105
19960105,19960105
19960105,19960106
19960106,19960107
19960107,19960107
19960107,19960108
19960108,19960108
19960108,19960109
19960109,19960110
19960110,19960110
19960110,19960111
19960111,19960111
19960111,19960112
19960112,19960113
19960113,19960113
19960113,19960114
19960114,19960114
19960114,19960115
19960115,19960116
19960116,19960116
19960116,19960117
19960117,19960117
19960117,19960118
19960118,19960119
19960119,19960119
19960119,19960120
19960120,19960120
19960120,19960121
19960121,19960122
19960122,19960122
19960122,19960123
19960123,19960123
19960123,19960124
19960124,19960125
19960125,19960125
19960125,19960126
19960126,19960126
19960126,19960127
19960127,19960128
19960128,19960128
19960128,19960129
19960129,19960129
19960129,19960130
19960130,19960131
19960131,19960131
19960131,19960201
19960201,19960201
19960201,19960202
19960202,19960203
19960203,19960203
19960203,19960204
19960204,19960204
19960204,19960205
19960205,19960206
19960206,19960206
19960206,19960207
19960207,19960207
19960207,19960208
19960208,19960209
19960209,19960209
19960209,19960210
19960210,19960211
19960211,19960211
19960211,19960212
19960212,19960212
19960212,19960213
19960213,19960214
19960214,19960214
19960214,19960215
19960215,19960215
19960215,19960216
19960216,19960217
19960217,19960217
19960217,19960218
19960218,19960218
19960218,19960219
19960219,19960220
19960220,19960220
19960220,19960221
19960221,19960221
19960221,19960222
19960222,19960223
19960223,19960223
19960223,19960224
19960224,19960224
19960224,19960225
19960225,19960226
19960226,19960226
19960226,19960227
19960227,19960227
19960227,19960228
19960228,19960229
19960229,19960229
19960229,19960301
19960301,19960301
19960301,19960302
19960302,19960303
19960303,19960303
19960303,19960304
19960304,19960304
19960304,19960305
19960305,19960306
19960306,19960306
19960306,19960307
19960307,19960307
19960307,19960308
19960308,19960309
19960309,19960309
19960309,19960310
19960310,19960310
19960310,19960311
19960311,19960312
19960312,19960312
19960312,19960313
19960313,19960313
19960313,19960314
19960314,19960315
19960315,19960315
19960315,19960316
19960316,19960316
19960316,19960317
19960317,19960318
19960318,19960318
19960318,19960319
19960319,19960319
19960319,19960320
19960320,19960321
19960321,19960321
19960321,19960322
19960322,19960322
19960322,19960323
19960323,19960324
19960324,19960324
19960324,19960325
19960325,19960325
19960325,19960326
19960326,19960327
19960327,19960327
19960327,19960328
19960328,19960328
19960328,19960329
19960329,19960330
19960330,19960330
19960330,19960331
19960331,19960331
19960331,19960401
19960401,19960402
19960402,19960402
19960402,19960403
19960403,19960403
19960403,19960404
19960404,19960405
19960405,19960405
19960405,19960406
19960406,19960406
19960406,19960407
19960407,19960408
19960408,19960408
19960408,19960409
19960409,19960409
19960409,19960410
19960410,19960411
19960411,19960411
19960411,19960412
19960412,19960412
19960412,19960413
19960413,19960414
19960414,19960414
19960414,19960415
19960415,19960415
19960415,19960416
19960416,19960417
19960417,19960417
19960417,19960418
19960418,19960418
19960418,19960419
19960419,19960420
19960420,19960420
19960420,19960421
19960421,19960421
19960421,19960422
19960422,19960423
19960423,19960423
19960423,19960424
19960424,19960424
19960424,19960425
19960425,19960426
19960426,19960426
19960426,19960427
19960427,19960427
19960427,19960428
19960428,19960429
19960429,19960429
19960429,19960430
19960430,19960430
19960430,19960501
19960501,19960502
19960502,19960502
19960502,19960503
19960503,19960503
19960503,19960504
19960504,19960505
19960505,19960505
19960505,19960506
19960506,19960506
19960506,19960507
19960507,19960508
19960508,19960508
19960508,19960509
19960509,19960509
19960509,19960510
19960510,19960511
19960511,19960511
19960511,19960512
19960512,19960512
19960512,19960513
19960513,19960514
19960514,19960514
19960514,19960515
19960515,19960515
19960515,19960516
19960516,19960517
19960517,19960517
19960517,19960518
19960518,19960519
19960519,19960519
19960519,19960520
19960520,19960520
19960520,19960521
19960521,19960522
19960522,19960522
19960522,19960523
19960523,19960523
19960523,19960524
19960524,19960525
19960525,19960525
19960525,19960526
19960526,19960526
19960526,19960527
19960527,19960528
19960528,19960528
19960528,19960529
19960529,19960529
19960529,19960530
19960530,19960531
19960531,19960531
19960531,19960601
19960601,19960601
19960601,19960602
19960602,19960603
19960603,19960603
19960603,19960604
19960604,19960604
19960604,19960605
19960605,19960606
19960606,19960606
19960606,19960607
19960607,19960607
19960607,19960608
19960608,19960609
19960609,19960609
19960609,19960610
19960610,19960610
19960610,19960611
19960611,19960612
19960612,19960612
19960612,19960613
19960613,19960613
19960613,19960614
19960614,19960615
19960615,19960615
19960615,19960616
19960616,19960616
19960616,19960617
19960617,19960618
19960618,19960618
19960618,19960619
19960619,19960619
19960619,19960620
19960620,19960621
19960621,19960621
19960621,19960622
19960622,19960622
19960622,19960623
19960623,19960624
19960624,19960624
19960624,19960625
19960625,19960625
19960625,19960626
19960626,19960627
19960627,19960627
19960627,19960628
19960628,19960628
19960628,19960629
19960629,19960630
19960630,19960630
19960630,19960701
19960701,19960701
19960701,19960702
19960702,19960703
19960703,19960703
19960703,19960704
19960704,19960704
19960704,19960705
19960705,19960706
19960706,19960706
19960706,19960707
19960707,19960707
19960707,19960708
19960708,19960709
19960709,19960709
19960709,19960710
19960710,19960710
19960710,19960711
19960711,19960712
19960712,19960712
19960712,19960713
19960713,19960713
19960713,19960714
19960714,19960715
19960715,19960715
19960715,19960716
19960716,19960716
19960716,19960717
19960717,19960718
19960718,19960718
19960718,19960719
19960719,19960719
19960719,19960720
19960720,19960721
19960721,19960721
19960721,19960722
19960722,19960723
19960723,19960723
19960723,19960724
19960724,19960724
19960724,19960725
19960725,19960726
19960726,19960726
19960726,19960727
19960727,19960727
19960727,19960728
19960728,19960729
19960729,19960729
19960729,19960730
19960730,19960730
19960730,19960731
19960731,19960801
19960801,19960801
19960801,19960802
19960802,19960802
19960802,19960803
19960803,19960804
19960804,19960804
19960804,19960805
19960805,19960805
19960805,19960806
19960806,19960807
19960807,19960807
19960807,19960808
19960808,19960808
19960808,19960809
19960809,19960810
19960810,19960810
19960810,19960811
19960811,19960811
19960811,19960812
19960812,19960813
19960813,19960813
19960813,19960814
19960814,19960814
19960814,19960815
19960815,19960816
19960816,19960816
19960816,19960817
19960817,19960817
19960817,19960818
19960818,19960819
19960819,19960819
19960819,19960820
19960820,19960820
19960820,19960821
19960821,19960822
19960822,19960822
19960822,19960823
19960823,19960823
19960823,19960824
19960824,19960825
19960825,19960825
19960825,19960826
19960826,19960826
19960826,19960827
19960827,19960828
19960828,19960828
19960828,19960829
19960829,19960829
19960829,19960830
19960830,19960831
19960831,19960831
19960831,19960901
19960901,19960901
19960901,19960902
19960902,19960903
19960903,19960903
19960903,19960904
19960904,19960904
19960904,19960905
19960905,19960906
19960906,19960906
19960906,19960907
19960907,19960907
19960907,19960908
19960908,19960909
19960909,19960909
19960909,19960910
19960910,19960910
19960910,19960911
19960911,19960912
19960912,19960912
19960912,19960913
19960913,19960913
19960913,19960914
19960914,19960915
19960915,19960915
19960915,19960916
19960916,19960916
19960916,19960917
19960917,19960918
19960918,19960918
19960918,19960919
19960919,19960919
19960919,19960920
19960920,19960921
19960921,19960921
19960921,19960922
19960922,19960922
19960922,19960923
19960923,19960924
19960924,19960924
19960924,19960925
19960925,19960925
19960925,19960926
19960926,19960927
19960927,19960927
19960927,19960928
19960928,19960928
19960928,19960929
19960929,19960930
19960930,19960930
19960930,19961001
19961001,19961001
19961001,19961002
19961002,19961003
19961003,19961003
19961003,19961004
19961004,19961005
19961005,19961005
19961005,19961006
19961006,19961006
19961006,19961007
19961007,19961008
19961008,19961008
19961008,19961009
19961009,19961009
19961009,19961010
19961010,19961011
19961011,19961011
19961011,19961012
19961012,19961012
19961012,19961013
19961013,19961014
19961014,19961014
19961014,19961015
19961015,19961015
19961015,19961016
19961016,19961017
19961017,19961017
19961017,19961018
19961018,19961018
19961018,19961019
19961019,19961020
19961020,19961020
19961020,19961021
19961021,19961021
19961021,19961022
19961022,19961023
19961023,19961023
19961023,19961024
19961024,19961024
19961024,19961025
19961025,19961026
19961026,19961026
19961026,19961027
19961027,19961027
19961027,19961028
19961028,19961029
19961029,19961029
19961029,19961030
19961030,19961030
19961030,19961031
19961031,19961101
19961101,19961101
19961101,19961102
19961102,19961102
19961102,19961103
19961103,19961104
19961104,19961104
19961104,19961105
19961105,19961105
19961105,19961106
19961106,19961107
19961107,19961107
19961107,19961108
19961108,19961108
19961108,19961109
19961109,19961110
19961110,19961110
19961110,19961111
19961111,19961111
19961111,19961112
19961112,19961113
19961113,19961113
19961113,19961114
19961114,19961114
19961114,19961115
19961115,19961116
19961116,19961116
19961116,19961117
19961117,19961117
19961117,19961118
19961118,19961119
19961119,19961119
19961119,19961120
19961120,19961120
19961120,19961121
19961121,19961122
19961122,19961122
19961122,19961123
19961123,19961123
19961123,19961124
19961124,19961125
19961125,19961125
19961125,19961126
19961126,19961126
19961126,19961127
19961127,19961128
19961128,19961128
19961128,19961129
19961129,19961129
19961129,19961130
19961130,19961201
19961201,19961201
19961201,19961202
19961202,19961202
19961202,19961203
19961203,19961204
19961204,19961204
19961204,19961205
19961205,19961205
19961205,19961206
19961206,19961207
19961207,19961207
19961207,19961208
19961208,19961208
19961208,19961209
19961209,19961210
19961210,19961210
19961210,19961211
19961211,19961211
19961211,19961212
19961212,19961213
19961213,19961213
19961213,19961214
19961214,19961214
19961214,19961215
19961215,19961216
19961216,19961216
19961216,19961217
19961217,19961217
19961217,19961218
19961218,19961219
19961219,19961219
19961219,19961220
19961220,19961220
19961220,19961221
19961221,19961222
19961222,19961222
19961222,19961223
19961223,19961223
19961223,19961224
19961224,19961225
19961225,19961225
19961225,19961226
19961226,19961226
19961226,19961227
19961227,19961228
19961228,19961228
19961228,19961229
19961229,19961229
19961229,19961230
19961230,19961231
19961231,19961231
19961231,19970101
19970101,19970101
19970101,19970102
19970102,19970103
19970103,19970103
19970103,19970104
19970104,19970104
19970104,19970105
19970105,19970106
19970106,19970106
19970106,19970107
19970107,19970107
19970107,19970108
19970108,19970109
19970109,19970109
19970109,19970110
19970110,19970110
19970110,19970111
19970111,19970112
19970112,19970112
19970112,19970113
19970113,19970113
19970113,19970114
19970114,19970115
19970115,19970115
19970115,19970116
19970116,19970116
19970116,19970117
19970117,19970118
19970118,19970118
19970118,19970119
19970119,19970119
19970119,19970120
19970120,19970121
19970121,19970121
19970121,19970122
19970122,19970122
19970122,19970123
19970123,19970124
19970124,19970124
19970124,19970125
19970125,19970125
19970125,19970126
19970126,19970127
19970127,19970127
19970127,19970128
19970128,19970128
19970128,19970129
19970129,19970130
19970130,19970130
19970130,19970131
19970131,19970131
19970131,19970201
19970201,19970202
19970202,19970202
19970202,19970203
19970203,19970203
19970203,19970204
19970204,19970205
19970205,19970205
19970205,19970206
19970206,19970206
19970206,19970207
19970207,19970208
19970208,19970208
19970208,19970209
19970209,19970209
19970209,19970210
19970210,19970211
19970211,19970211
19970211,19970212
19970212,19970213
19970213,19970213
19970213,19970214
19970214,19970214
19970214,19970215
19970215,19970216
19970216,19970216
19970216,19970217
19970217,19970217
19970217,19970218
19970218,19970219
19970219,19970219
19970219,19970220
19970220,19970220
19970220,19970221
19970221,19970222
19970222,19970222
19970222,19970223
19970223,19970223
19970223,19970224
19970224,19970225
19970225,19970225
19970225,19970226
19970226,19970226
19970226,19970227
19970227,19970228
19970228,19970228
19970228,19970301
19970301,19970301
19970301,19970302
19970302,19970303
19970303,19970303
19970303,19970304
19970304,19970304
19970304,19970305
19970305,19970306
19970306,19970306
19970306,19970307
19970307,19970307
19970307,19970308
19970308,19970309
19970309,19970309
19970309,19970310
19970310,19970310
19970310,19970311
19970311,19970312
19970312,19970312
19970312,19970313
19970313,19970313
19970313,19970314
19970314,19970315
19970315,19970315
19970315,19970316
19970316,19970316
19970316,19970317
19970317,19970318
19970318,19970318
19970318,19970319
19970319,19970319
19970319,19970320
19970320,19970321
19970321,19970321
19970321,19970322
19970322,19970322
19970322,19970323
19970323,19970324
19970324,19970324
19970324,19970325
19970325,19970325
19970325,19970326
19970326,19970327
19970327,19970327
19970327,19970328
19970328,19970328
19970328,19970329
19970329,19970330
19970330,19970330
19970330,19970331
19970331,19970331
19970331,19970401
19970401,19970402
19970402,19970402
19970402,19970403
19970403,19970403
19970403,19970404
19970404,19970405
19970405,19970405
19970405,19970406
19970406,19970406
19970406,19970407
19970407,19970408
19970408,19970408
19970408,19970409
19970409,19970409
19970409,19970410
19970410,19970411
19970411,19970411
19970411,19970412
19970412,19970412
19970412,19970413
19970413,19970414
19970414,19970414
19970414,19970415
19970415,19970415
19970415,19970416
19970416,19970417
19970417,19970417
19970417,19970418
19970418,19970418
19970418,19970419
19970419,19970420
19970420,19970420
19970420,19970421
19970421,19970421
19970421,19970422
19970422,19970423
19970423,19970423
19970423,19970424
19970424,19970424
19970424,19970425
19970425,19970426
19970426,19970426
19970426,19970427
19970427,19970427
19970427,19970428
19970428,19970429
19970429,19970429
19970429,19970430
19970430,19970430
19970430,19970501
19970501,19970502
19970502,19970502
19970502,19970503
19970503,19970503
19970503,19970504
19970504,19970505
19970505,19970505
19970505,19970506
19970506,19970506
19970506,19970507
19970507,19970508
19970508,19970508
19970508,19970509
19970509,19970509
19970509,19970510
19970510,19970511
19970511,19970511
19970511,19970512
19970512,19970512
19970512,19970513
19970513,19970514
19970514,19970514
19970514,19970515
19970515,19970516
19970516,19970516
19970516,19970517
19970517,19970517
19970517,19970518
19970518,19970519
19970519,19970519
19970519,19970520
19970520,19970520
19970520,19970521
19970521,19970522
19970522,19970522
19970522,19970523
19970523,19970523
19970523,19970524
19970524,19970525
19970525,19970525
19970525,19970526
19970526,19970526
19970526,19970527
19970527,19970528
19970528,19970528
19970528,19970529
19970529,19970529
19970529,19970530
19970530,19970531
19970531,19970531
19970531,19970601
19970601,19970601
19970601,19970602
19970602,19970603
19970603,19970603
19970603,19970604
19970604,19970604
19970604,19970605
19970605,19970606
19970606,19970606
19970606,19970607
19970607,19970607
19970607,19970608
19970608,19970609
19970609,19970609
19970609,19970610
19970610,19970610
19970610,19970611
19970611,19970612
19970612,19970612
19970612,19970613
19970613,19970613
19970613,19970614
19970614,19970615
19970615,19970615
19970615,19970616
19970616,19970616
19970616,19970617
19970617,19970618
19970618,19970618
19970618,19970619
19970619,19970619
19970619,19970620
19970620,19970621
19970621,19970621
19970621,19970622
19970622,19970622
19970622,19970623
19970623,19970624
19970624,19970624
19970624,19970625
19970625,19970625
19970625,19970626
19970626,19970627
19970627,19970627
19970627,19970628
19970628,19970628
19970628,19970629
19970629,19970630
19970630,19970630
19970630,19970701
19970701,19970701
19970701,19970702
19970702,19970703
19970703,19970703
19970703,19970704
19970704,19970704
19970704,19970705
19970705,19970706
19970706,19970706
19970706,19970707
19970707,19970707
19970707,19970708
19970708,19970709
19970709,19970709
19970709,19970710
19970710,19970710
19970710,19970711
19970711,19970712
19970712,19970712
19970712,19970713
19970713,19970713
19970713,19970714
19970714,19970715
19970715,19970715
19970715,19970716
19970716,19970716
19970716,19970717
19970717,19970718
19970718,19970718
19970718,19970719
19970719,19970719
19970719,19970720
19970720,19970721
19970721,19970721
19970721,19970722
19970722,19970722
19970722,19970723
19970723,19970724
19970724,19970724
19970724,19970725
19970725,19970726
19970726,19970726
19970726,19970727
19970727,19970727
19970727,19970728
19970728,19970729
19970729,19970729
19970729,19970730
19970730,19970730
19970730,19970731
19970731,19970801
19970801,19970801
19970801,19970802
19970802,19970802
19970802,19970803
19970803,19970804
19970804,19970804
19970804,19970805
19970805,19970805
19970805,19970806
19970806,19970807
19970807,19970807
19970807,19970808
19970808,19970808
19970808,19970809
19970809,19970810
19970810,19970810
19970810,19970811
19970811,19970811
19970811,19970812
19970812,19970813
19970813,19970813
19970813,19970814
19970814,19970814
19970814,19970815
19970815,19970816
19970816,19970816
19970816,19970817
19970817,19970817
19970817,19970818
19970818,19970819
19970819,19970819
19970819,19970820
19970820,19970820
19970820,19970821
19970821,19970822
19970822,19970822
19970822,19970823
19970823,19970823
19970823,19970824
19970824,19970825
19970825,19970825
19970825,19970826
19970826,19970826
19970826,19970827
19970827,19970828
19970828,19970828
19970828,19970829
19970829,19970829
19970829,19970830
19970830,19970831
19970831,19970831
19970831,19970901
19970901,19970901
19970901,19970902
19970902,19970903
19970903,19970903
19970903,19970904
19970904,19970904
19970904,19970905
19970905,19970906
19970906,19970906
19970906,19970907
19970907,19970907
19970907,19970908
19970908,19970909
19970909,19970909
19970909,19970910
19970910,19970910
19970910,19970911
19970911,19970912
19970912,19970912
19970912,19970913
19970913,19970913
19970913,19970914
19970914,19970915
19970915,19970915
19970915,19970916
19970916,19970916
19970916,19970917
19970917,19970918
19970918,19970918
19970918,19970919
19970919,19970919
19970919,19970920
19970920,19970921
19970921,19970921
19970921,19970922
19970922,19970922
19970922,19970923
19970923,19970924
19970924,19970924
19970924,19970925
19970925,19970925
19970925,19970926
19970926,19970927
19970927,19970927
19970927,19970928
19970928,19970928
19970928,19970929
19970929,19970930
19970930,19970930
19970930,19971001
19971001,19971001
19971001,19971002
19971002,19971003
19971003,19971003
19971003,19971004
19971004,19971004
19971004,19971005
19971005,19971006
19971006,19971006
19971006,19971007
19971007,19971007
19971007,19971008
19971008,19971009
19971009,19971009
19971009,19971010
19971010,19971010
19971010,19971011
19971011,19971012
19971012,19971012
19971012,19971013
19971013,19971013
19971013,19971014
19971014,19971015
19971015,19971015
19971015,19971016
19971016,19971016
19971016,19971017
19971017,19971018
19971018,19971018
19971018,19971019
19971019,19971019
19971019,19971020
19971020,19971021
19971021,19971021
19971021,19971022
19971022,19971022
19971022,19971023
19971023,19971024
19971024,19971024
19971024,19971025
19971025,19971025
19971025,19971026
19971026,19971027
19971027,19971027
19971027,19971028
19971028,19971028
19971028,19971029
19971029,19971030
19971030,19971030
19971030,19971031
19971031,19971031
19971031,19971101
19971101,19971102
19971102,19971102
19971102,19971103
19971103,19971103
19971103,19971104
19971104,19971105
19971105,19971105
19971105,19971106
19971106,19971107
19971107,19971107
19971107,19971108
19971108,19971108
19971108,19971109
19971109,19971110
19971110,19971110
19971110,19971111
19971111,19971111
19971111,19971112
19971112,19971113
19971113,19971113
19971113,19971114
19971114,19971114
19971114,19971115
19971115,19971116
19971116,19971116
19971116,19971117
19971117,19971117
19971117,19971118
19971118,19971119
19971119,19971119
19971119,19971120
19971120,19971120
19971120,19971121
19971121,19971122
19971122,19971122
19971122,19971123
19971123,19971123
19971123,19971124
19971124,19971125
19971125,19971125
19971125,19971126
19971126,19971126
19971126,19971127
19971127,19971128
19971128,19971128
19971128,19971129
19971129,19971129
19971129,19971130
19971130,19971201
19971201,19971201
19971201,19971202
19971202,19971202
19971202,19971203
19971203,19971204
19971204,19971204
19971204,19971205
19971205,19971205
19971205,19971206
19971206,19971207
19971207,19971207
19971207,19971208
19971208,19971208
19971208,19971209
19971209,19971210
19971210,19971210
19971210,19971211
19971211,19971211
19971211,19971212
19971212,19971213
19971213,19971213
19971213,19971214
19971214,19971214
19971214,19971215
19971215,19971216
19971216,19971216
19971216,19971217
19971217,19971217
19971217,19971218
19971218,19971219
19971219,19971219
19971219,19971220
19971220,19971220
19971220,19971221
19971221,19971222
19971222,19971222
19971222,19971223
19971223,19971223
19971223,19971224
19971224,19971225
19971225,19971225
19971225,19971226
19971226,19971226
19971226,19971227
19971227,19971228
19971228,19971228
19971228,19971229
19971229,19971229
19971229,19971230
19971230,19971231
19971231,19971231
19971231,19980101
19980101,19980101
19980101,19980102
19980102,19980103
19980103,19980103
19980103,19980104
19980104,19980104
19980104,19980105
19980105,19980106
19980106,19980106
19980106,19980107
19980107,19980107
19980107,19980108
19980108,19980109
19980109,19980109
19980109,19980110
19980110,19980110
19980110,19980111
19980111,19980112
19980112,19980112
19980112,19980113
19980113,19980113
19980113,19980114
19980114,19980115
19980115,19980115
19980115,19980116
19980116,19980116
19980116,19980117
19980117,19980118
19980118,19980118
19980118,19980119
19980119,19980119
19980119,19980120
19980120,19980121
19980121,19980121
19980121,19980122
19980122,19980122
19980122,19980123
19980123,19980124
19980124,19980124
19980124,19980125
19980125,19980125
19980125,19980126
19980126,19980127
19980127,19980127
19980127,19980128
19980128,19980129
19980129,19980129
19980129,19980130
19980130,19980130
19980130,19980131
19980131,19980201
19980201,19980201
19980201,19980202
19980202,19980202
19980202,19980203
19980203,19980204
19980204,19980204
19980204,19980205
19980205,19980205
19980205,19980206
19980206,19980207
19980207,19980207
19980207,19980208
19980208,19980208
19980208,19980209
19980209,19980210
19980210,19980210
19980210,19980211
19980211,19980211
19980211,19980212
19980212,19980213
19980213,19980213
19980213,19980214
19980214,19980214
19980214,19980215
19980215,19980216
19980216,19980216
19980216,19980217
19980217,19980217
19980217,19980218
19980218,19980219
19980219,19980219
19980219,19980220
19980220,19980220
19980220,19980221
19980221,19980222
19980222,19980222
19980222,19980223
19980223,19980223
19980223,19980224
19980224,19980225
19980225,19980225
19980225,19980226
19980226,19980226
19980226,19980227
19980227,19980228
19980228,19980228
19980228,19980301
19980301,19980301
19980301,19980302
19980302,19980303
19980303,19980303
19980303,19980304
19980304,19980304
19980304,19980305
19980305,19980306
19980306,19980306
19980306,19980307
19980307,19980307
19980307,19980308
19980308,19980309
19980309,19980309
19980309,19980310
19980310,19980310
19980310,19980311
19980311,19980312
19980312,19980312
19980312,19980313
19980313,19980313
19980313,19980314
19980314,19980315
19980315,19980315
19980315,19980316
19980316,19980316
19980316,19980317
19980317,19980318
19980318,19980318
19980318,19980319
19980319,19980319
19980319,19980320
19980320,19980321
19980321,19980321
19980321,19980322
19980322,19980322
19980322,19980323
19980323,19980324
19980324,19980324
19980324,19980325
19980325,19980325
19980325,19980326
19980326,19980327
19980327,19980327
19980327,19980328
19980328,19980328
19980328,19980329
19980329,19980330
19980330,19980330
19980330,19980331
19980331,19980331
19980331,19980401
19980401,19980402
19980402,19980402
19980402,19980403
19980403,19980403
19980403,19980404
19980404,19980405
19980405,19980405
19980405,19980406
19980406,19980406
19980406,19980407
19980407,19980408
19980408,19980408
19980408,19980409
19980409,19980409
19980409,19980410
19980410,19980411
19980411,19980411
19980411,19980412
19980412,19980412
19980412,19980413
19980413,19980414
19980414,19980414
19980414,19980415
19980415,19980415
19980415,19980416
19980416,19980417
19980417,19980417
19980417,19980418
19980418,19980419
19980419,19980419
19980419,19980420
19980420,19980420
19980420,19980421
19980421,19980422
19980422,19980422
19980422,19980423
19980423,19980423
19980423,19980424
19980424,19980425
19980425,19980425
19980425,19980426
19980426,19980426
19980426,19980427
19980427,19980428
19980428,19980428
19980428,19980429
19980429,19980429
19980429,19980430
19980430,19980501
19980501,19980501
19980501,19980502
19980502,19980502
19980502,19980503
19980503,19980504
19980504,19980504
19980504,19980505
19980505,19980505
19980505,19980506
19980506,19980507
19980507,19980507
19980507,19980508
19980508,19980508
19980508,19980509
19980509,19980510
19980510,19980510
19980510,19980511
19980511,19980511
19980511,19980512
19980512,19980513
19980513,19980513
19980513,19980514
19980514,19980514
19980514,19980515
19980515,19980516
19980516,19980516
19980516,19980517
19980517,19980517
19980517,19980518
19980518,19980519
19980519,19980519
19980519,19980520
19980520,19980520
19980520,19980521
19980521,19980522
19980522,19980522
19980522,19980523
19980523,19980523
19980523,19980524
19980524,19980525
19980525,19980525
19980525,19980526
19980526,19980526
19980526,19980527
19980527,19980528
19980528,19980528
19980528,19980529
19980529,19980529
19980529,19980530
19980530,19980531
19980531,19980531
19980531,19980601
19980601,19980601
19980601,19980602
19980602,19980603
19980603,19980603
19980603,19980604
19980604,19980604
19980604,19980605
19980605,19980606
19980606,19980606
19980606,19980607
19980607,19980607
19980607,19980608
19980608,19980609
19980609,19980609
19980609,19980610
19980610,19980610
19980610,19980611
19980611,19980612
19980612,19980612
19980612,19980613
19980613,19980613
19980613,19980614
19980614,19980615
19980615,19980615
19980615,19980616
19980616,19980616
19980616,19980617
19980617,19980618
19980618,19980618
19980618,19980619
19980619,19980619
19980619,19980620
19980620,19980621
19980621,19980621
19980621,19980622
19980622,19980622
19980622,19980623
19980623,19980624
19980624,19980624
19980624,19980625
19980625,19980625
19980625,19980626
19980626,19980627
19980627,19980627
19980627,19980628
19980628,19980628
19980628,19980629
19980629,19980630
19980630,19980630
19980630,19980701
19980701,19980701
19980701,19980702
19980702,19980703
19980703,19980703
19980703,19980704
19980704,19980704
19980704,19980705
19980705,19980706
19980706,19980706
19980706,19980707
19980707,19980707
19980707,19980708
19980708,19980709
19980709,19980709
19980709,19980710
19980710,19980710
19980710,19980711
19980711,19980712
19980712,19980712
19980712,19980713
19980713,19980713
19980713,19980714
19980714,19980715
19980715,19980715
19980715,19980716
19980716,19980717
19980717,19980717
19980717,19980718
19980718,19980718
19980718,19980719
19980719,19980720
19980720,19980720
19980720,19980721
19980721,19980721
19980721,19980722
19980722,19980723
19980723,19980723
19980723,19980724
19980724,19980724
19980724,19980725
19980725,19980726
19980726,19980726
19980726,19980727
19980727,19980727
19980727,19980728
19980728,19980729
19980729,19980729
19980729,19980730
19980730,19980730
19980730,19980731
19980731,19980801
19980801,19980801
19980801,19980802
19980802,19980802
19980802,19980802