19920101,19920107
19920107,19920113
19920113,19920119
19920119,19920125
19920125,19920131
19920131,19920206
19920206,19920212
19920212,19920218
19920218,19920224
19920224,19920301
19920301,19920307
19920307,19920313
19920313,19920319
19920319,19920325
19920325,19920331
19920331,19920406
19920406,19920412
19920412,19920418
19920418,19920424
19920424,19920430
19920430,19920506
19920506,19920512
19920512,19920518
19920518,19920524
19920524,19920530
19920530,19920605
19920605,19920611
19920611,19920617
19920617,19920623
19920623,19920629
19920629,19920705
19920705,19920711
19920711,19920717
19920717,19920723
19920723,19920729
19920729,19920804
19920804,19920810
19920810,19920816
19920816,19920822
19920822,19920828
19920828,19920903
19920903,19920909
19920909,19920915
19920915,19920921
19920921,19920927
19920927,19921003
19921003,19921009
19921009,19921015
19921015,19921021
19921021,19921027
19921027,19921102
19921102,19921108
19921108,19921114
19921114,19921120
19921120,19921126
19921126,19921202
19921202,19921208
19921208,19921214
19921214,19921220
19921220,19921226
19921226,19930102
19930102,19930108
19930108,19930114
19930114,19930120
19930120,19930126
19930126,19930201
19930201,19930207
19930207,19930213
19930213,19930219
19930219,19930225
19930225,19930303
19930303,19930309
19930309,19930315
19930315,19930321
19930321,19930327
19930327,19930402
19930402,19930408
19930408,19930414
19930414,19930420
19930420,19930426
19930426,19930502
19930502,19930508
19930508,19930514
19930514,19930520
19930520,19930526
19930526,19930601
19930601,19930607
19930607,19930613
19930613,19930619
19930619,19930625
19930625,19930701
19930701,19930707
19930707,19930713
19930713,19930719
19930719,19930725
19930725,19930731
19930731,19930806
19930806,19930812
19930812,19930818
19930818,19930824
19930824,19930830
19930830,19930905
19930905,19930911
19930911,19930917
19930917,19930923
19930923,19930929
19930929,19931005
19931005,19931011
19931011,19931017
19931017,19931023
19931023,19931029
19931029,19931104
19931104,19931110
19931110,19931116
19931116,19931122
19931122,19931128
19931128,19931204
19931204,19931210
19931210,19931216
19931216,19931222
19931222,19931228
19931228,19940103
19940103,19940109
19940109,19940115
19940115,19940122
19940122,19940128
19940128,19940203
19940203,19940209
19940209,19940215
19940215,19940221
19940221,19940227
19940227,19940305
19940305,19940311
19940311,19940317
19940317,19940323
19940323,19940329
19940329,19940404
19940404,19940410
19940410,19940416
19940416,19940422
19940422,19940428
19940428,19940504
19940504,19940510
19940510,19940516
19940516,19940522
19940522,19940528
19940528,19940603
19940603,19940609
19940609,19940615
19940615,19940621
19940621,19940627
19940627,19940703
19940703,19940709
19940709,19940715
19940715,19940721
19940721,19940727
19940727,19940802
19940802,19940808
19940808,19940814
19940814,19940820
19940820,19940826
19940826,19940901
19940901,19940907
19940907,19940913
19940913,19940919
19940919,19940925
19940925,19941001
19941001,19941007
19941007,19941013
19941013,19941019
19941019,19941025
19941025,19941031
19941031,19941106
19941106,19941112
19941112,19941118
19941118,19941124
19941124,19941130
19941130,19941206
19941206,19941212
19941212,19941218
19941218,19941224
19941224,19941230
19941230,19950105
19950105,19950111
19950111,19950117
19950117,19950123
19950123,19950129
19950129,19950204
19950204,19950210
19950210,19950216
19950216,19950222
19950222,19950228
19950228,19950306
19950306,19950312
19950312,19950318
19950318,19950325
19950325,19950331
19950331,19950406
19950406,19950412
19950412,19950418
19950418,19950424
19950424,19950430
19950430,19950506
19950506,19950512
19950512,19950518
19950518,19950524
19950524,19950530
19950530,19950605
19950605,19950611
19950611,19950617
19950617,19950623
19950623,19950629
19950629,19950705
19950705,19950711
19950711,19950717
19950717,19950723
19950723,19950729
19950729,19950804
19950804,19950810
19950810,19950816
19950816,19950822
19950822,19950828
19950828,19950903
19950903,19950909
19950909,19950915
19950915,19950921
19950921,19950927
19950927,19951003
19951003,19951009
19951009,19951015
19951015,19951021
19951021,19951027
19951027,19951102
19951102,19951108
19951108,19951114
19951114,19951120
19951120,19951126
19951126,19951202
19951202,19951208
19951208,19951214
19951214,19951220
19951220,19951226
19951226,19960101
19960101,19960107
19960107,19960113
19960113,19960119
19960119,19960125
19960125,19960131
19960131,19960206
19960206,19960212
19960212,19960218
19960218,19960224
19960224,19960301
19960301,19960307
19960307,19960313
19960313,19960319
19960319,19960325
19960325,19960331
19960331,19960406
19960406,19960412
19960412,19960418
19960418,19960424
19960424,19960430
19960430,19960506
19960506,19960512
19960512,19960519
19960519,19960525
19960525,19960531
19960531,19960606
19960606,19960612
19960612,19960618
19960618,19960624
19960624,19960630
19960630,19960706
19960706,19960712
19960712,19960718
19960718,19960724
19960724,19960730
19960730,19960805
19960805,19960811
19960811,19960817
19960817,19960823
19960823,19960829
19960829,19960904
19960904,19960910
19960910,19960916
19960916,19960922
19960922,19960928
19960928,19961004
19961004,19961010
19961010,19961016
19961016,19961022
19961022,19961028
19961028,19961103
19961103,19961109
19961109,19961115
19961115,19961121
19961121,19961127
19961127,19961203
19961203,19961209
19961209,19961215
19961215,19961221
19961221,19961227
19961227,19970102
19970102,19970108
19970108,19970114
19970114,19970120
19970120,19970126
19970126,19970201
19970201,19970207
19970207,19970213
19970213,19970219
19970219,19970225
19970225,19970303
19970303,19970309
19970309,19970315
19970315,19970321
19970321,19970327
19970327,19970402
19970402,19970408
19970408,19970414
19970414,19970420
19970420,19970426
19970426,19970502
19970502,19970508
19970508,19970514
19970514,19970520
19970520,19970526
19970526,19970601
19970601,19970607
19970607,19970613
19970613,19970619
19970619,19970625
19970625,19970701
19970701,19970707
19970707,19970713
19970713,19970719
19970719,19970726
19970726,19970801
19970801,19970807
19970807,19970813
19970813,19970819
19970819,19970825
19970825,19970831
19970831,19970906
19970906,19970912
19970912,19970918
19970918,19970924
19970924,19970930
19970930,19971006
19971006,19971012
19971012,19971018
19971018,19971024
19971024,19971030
19971030,19971105
19971105,19971111
19971111,19971117
19971117,19971123
19971123,19971129
19971129,19971205
19971205,19971211
19971211,19971217
19971217,19971223
19971223,19971229
19971229,19980104
19980104,19980110
19980110,19980116
19980116,19980122
19980122,19980128
19980128,19980203
19980203,19980209
19980209,19980215
19980215,19980221
19980221,19980227
19980227,19980305
19980305,19980311
19980311,19980317
19980317,19980323
19980323,19980329
19980329,19980404
19980404,19980410
19980410,19980416
19980416,19980422
19980422,19980428
19980428,19980504
19980504,19980510
19980510,19980516
19980516,19980522
19980522,19980528
19980528,19980603
19980603,19980609
19980609,19980615
19980615,19980621
19980621,19980627
19980627,19980703
19980703,19980709
19980709,19980715
19980715,19980721
19980721,19980727
19980727,19980802